%Thông số động cơ DC 
R = 2;
L = 0.5;
KM = 0.015;
KB = 0.015;
KF = 0.2;
J = 0.02;

%Thông số bất kì mới của động cơ DC
R1 = 3;
L1 = 2.5;
KM1 = 0.017;
KB1 = 0.017;
KF1 = 0.25;
J1 = 0.03;
%Thông số sau khi nhận dạng 
J2 = 0.68597;
KB2 = 0.39069;
KF2 = 5.7048;
KM2 = 0.024565;
L2 = 0.49997;
R2 = 2.0005;